{
 "cells": [
  {
   "cell_type": "code",
   "execution_count": 4,
   "metadata": {},
   "outputs": [],
   "source": [
    "import numpy as np\n",
    "from scipy.integrate import quad\n",
    "from scipy.integrate import simpson\n",
    "from scipy.special import erfinv\n",
    "\n",
    "import matplotlib.pyplot as plt\n",
    "import matplotlib.colors as colors\n",
    "%matplotlib inline\n",
    "\n",
    "eps = 2*np.sqrt(np.finfo(\"float\").eps)"
   ]
  },
  {
   "cell_type": "code",
   "execution_count": 5,
   "metadata": {},
   "outputs": [],
   "source": [
    "plt.rcParams[\"font.family\"] = \"serif\"\n",
    "plt.rcParams[\"mathtext.fontset\"] = \"dejavuserif\""
   ]
  },
  {
   "cell_type": "code",
   "execution_count": 6,
   "metadata": {},
   "outputs": [],
   "source": [
    "def integral(y, x):\n",
    "    return simpson(y, x, axis = 0)"
   ]
  },
  {
   "cell_type": "code",
   "execution_count": 7,
   "metadata": {},
   "outputs": [],
   "source": [
    "def random_mat_cor(P):\n",
    "    \n",
    "    A = np.random.normal(size = (P, P))\n",
    "    B = A @ A.T\n",
    "    \n",
    "    B = np.abs(B)\n",
    "    D = np.diagonal(B)[np.newaxis]\n",
    "    \n",
    "    mat_cor = D.T**(-1/2) * B * D**(-1/2)\n",
    "    \n",
    "    return mat_cor"
   ]
  },
  {
   "cell_type": "code",
   "execution_count": 8,
   "metadata": {},
   "outputs": [],
   "source": [
    "def random_mat_dom(P):\n",
    "    \n",
    "    A = np.random.normal(size = (P, P))\n",
    "    B = A @ A.T\n",
    "    \n",
    "    B = np.abs(B)\n",
    "    np.fill_diagonal(B, np.sum(B, axis = 0))\n",
    "    \n",
    "    D = np.diagonal(B)[np.newaxis]\n",
    "    \n",
    "    mat_dom = D.T**(-1/2) * B * D**(-1/2)\n",
    "    \n",
    "    return mat_dom"
   ]
  },
  {
   "cell_type": "code",
   "execution_count": 9,
   "metadata": {},
   "outputs": [],
   "source": [
    "def simple_mat_cor(P, c):\n",
    "    mat_cor = (1 - c) * np.eye(P, P) + c * np.ones((P, P))\n",
    "    \n",
    "    return mat_cor"
   ]
  },
  {
   "cell_type": "code",
   "execution_count": 10,
   "metadata": {},
   "outputs": [],
   "source": [
    "def random_multivariate_binary(mat_cor, P, n_binary_samples):\n",
    "    spins_x = np.sign(np.random.multivariate_normal(np.zeros(P), np.sin(np.pi/2 * mat_cor), n_binary_samples))\n",
    "    # print(spins_x)\n",
    "    # print(spins_x.reshape(1, -1, P, 1))\n",
    "    \n",
    "    # print(np.random.multivariate_normal(np.zeros(P), np.sin(np.pi/2 * mat_cor), n_binary_samples))\n",
    "    \n",
    "    return spins_x"
   ]
  },
  {
   "cell_type": "raw",
   "metadata": {},
   "source": [
    "class Iterator():\n",
    "    def __init__(self, beta, alpha, mat_cor, P, n_samples):\n",
    "        self.beta = beta\n",
    "        self.alpha = alpha\n",
    "        self.mat_cor = mat_cor\n",
    "        self.P = P\n",
    "        \n",
    "        spins_base = np.full((P, 2), np.array([-1, 1]))\n",
    "        \n",
    "        self.spins_s = np.array(np.meshgrid(*spins_base)).T.reshape(-1, 1, 1, P, 1)\n",
    "        self.spins_s_T = np.transpose(self.spins_s, axes = (0, 1, 2, 4, 3))\n",
    "        \n",
    "        self.spins = self.spins_s.reshape(-1, 1, 1, 1, P, 1)\n",
    "        self.spins_T = self.spins_s_T.reshape(-1, 1, 1, 1, 1, P)\n",
    "        \n",
    "        # self.z = np.linspace(-n_stds, n_stds, num = n_samples, endpoint = True).reshape(-1, 1, 1, 1, 1)\n",
    "        \n",
    "        # z_on_diag = z[..., np.newaxis]\n",
    "        # z_off_diag = z[np.newaxis]\n",
    "        \n",
    "        z = np.random.normal(size = (n_samples, 1, P, P))\n",
    "        self.z_on_diag = np.diagonal(z, axis1 = -2, axis2 = -1)[:, np.newaxis]\n",
    "        self.z_off_diag = z\n",
    "        \n",
    "        self.H_x = self.hamiltonian(1, self.mat_cor)\n",
    "        self.p_x = self.probability(self.H_x)\n",
    "        \n",
    "        self.H_M = 1/2 * self.hamiltonian(self.beta, self.mat_cor)\n",
    "        self.p_M = self.probability(self.H_M)\n",
    "    \n",
    "    def action_eff(self, m, s, q_on_diag, q_off_diag, beta_eff):\n",
    "        # Method args: spins, spins_T, spins_s, z_on_diag, z_off_diag\n",
    "        \n",
    "        q_sym = (q_off_diag + q_off_diag.T)/2\n",
    "        q_sub = q_on_diag - np.sum(q_sym, axis = 1)\n",
    "        \n",
    "        L = beta_eff * ((self.spins_T * self.z_on_diag) @ np.sqrt(np.maximum(-q_sub, 0))\n",
    "                        - (self.spins_s_T * self.z_on_diag) @ np.sqrt(np.maximum(-q_sub, 0)))\n",
    "        \n",
    "        print((self.spins_s_T * self.z_on_diag).shape)\n",
    "        print((self.spins_T * self.z_on_diag).shape)\n",
    "        \n",
    "        print(self.spins_s_T.shape)\n",
    "        print(self.spins_T.shape)\n",
    "        print(np.sum(np.sqrt(np.maximum(-q_sym, 0)) * self.z_off_diag, axis = -1, keepdims = True).shape)\n",
    "        \n",
    "        # print(((self.spins_s_T * self.z_on_diag) @ np.sqrt(np.maximum(-q_sub, 0))).shape)\n",
    "        # print(((self.spins_T * self.z_on_diag) @ np.sqrt(np.maximum(-q_sub, 0))).shape)\n",
    "        \n",
    "        # print((self.spins_s_T @ np.sum(np.sqrt(np.maximum(-q_sym, 0)) * self.z_off_diag, axis = -1, keepdims = True)).shape)\n",
    "        # print((self.spins_T @ np.sum(np.sqrt(np.maximum(-q_sym, 0)) * self.z_off_diag, axis = -1, keepdims = True)).shape)\n",
    "        \n",
    "        # print(self.z_on_diag.shape)\n",
    "        # print(self.spins_s_T.shape)\n",
    "        # print(self.spins_T.shape)\n",
    "        \n",
    "        # print(self.z_off_diag.shape)\n",
    "        # print(self.spins_s_T.shape)\n",
    "        # print(self.spins_T.shape)\n",
    "        \n",
    "        L = L + beta_eff * (self.spins_s_T @ np.sum(np.sqrt(np.maximum(-q_sym, 0)) * self.z_off_diag, axis = -1, keepdims = True)\n",
    "                            - self.spins_T @ np.sum(np.sqrt(np.maximum(-q_sym, 0)) * self.z_off_diag, axis = -1, keepdims = True))\n",
    "        \n",
    "        L = np.mean(np.log(np.cos(L)), axis = 1)\n",
    "        \n",
    "        L = L + 1/2*beta_eff**2 * (self.spins_T @ (s - q_sym) @ self.spins) + beta_eff**2 * (self.spins_T @ m @ self.spins_s)\n",
    "        \n",
    "        L = L + beta_eff * ((self.spins_T * self.z_on_diag) @ np.sqrt(np.maximum(q_sub, 0)))\n",
    "        \n",
    "        L = L + beta_eff * (self.spins_T @ np.sum(np.sqrt(np.maximum(q_sym, 0)) * self.z_off_diag, axis = -1, keepdims = True))\n",
    "        \n",
    "        return L\n",
    "    \n",
    "    # def Z_L(self, m, s, q_off_diag, q_on_diag, beta_eff):\n",
    "        # return np.sum(np.exp(H_L(m, s, q_off_diag, q_on_diag, beta_eff)), axis = 0)\n",
    "    \n",
    "    def hamiltonian(self, beta_eff, mat_cor):\n",
    "        return beta_eff**2 * (self.spins_s_T @ mat_cor @ self.spins_s)\n",
    "    \n",
    "    def probability(self, H):\n",
    "        c = np.max(H, axis = 0)\n",
    "        m = np.exp(H - c)\n",
    "        return m / np.sum(m, axis = 0)\n",
    "    \n",
    "    def update(self, m, s, q):\n",
    "        \n",
    "        q_on_diag = np.diagonal(q).copy()\n",
    "        # print(q.shape)\n",
    "        np.fill_diagonal(q, 0)\n",
    "        q_off_diag = q\n",
    "        \n",
    "        H_L = self.action_eff(m, s, q_on_diag, q_off_diag, self.beta**2)\n",
    "        p_L = self.probability(H_L)\n",
    "        # print(H_L.shape)\n",
    "        \n",
    "        H_q = self.hamiltonian(self.beta, s)\n",
    "        p_q = self.probability(H_q)\n",
    "        \n",
    "        # print(self.p_M.shape)\n",
    "        # print(self.spins_s.shape)\n",
    "        # print(p_L.shape)\n",
    "        # print(self.spins.shape)\n",
    "        \n",
    "        m_hat = self.beta**2*self.alpha * np.squeeze(np.sum(self.p_M * np.mean(self.spins_s * np.sum(p_L * self.spins_T, axis = 0), axis = (1, 2), keepdims = True), axis = 0))\n",
    "        s_hat = self.beta**2*self.alpha * np.squeeze(np.sum(self.p_M * np.mean(np.sum(p_L * self.spins_T * self.spins, axis = 0), axis = (1, 2), keepdims = True), axis = 0) - np.sum(p_q * self.spins_T * self.spins, axis = (0, 1)))\n",
    "        q_hat = self.beta**2*self.alpha * np.squeeze(np.sum(self.p_M * np.mean(np.sum(p_L * self.spins_T, axis = 0) * np.sum(p_L * self.spins, axis = 0), axis = (1, 2), keepdims = True), axis = 0))\n",
    "        \n",
    "        # print(np.mean(np.sum(p_L * self.spins_T, axis = 0) * np.sum(p_L * self.spins, axis = 0), axis = (1, 2)).shape)\n",
    "        \n",
    "        q_hat_on_diag = np.diagonal(q_hat).copy()\n",
    "        # print(q_hat.shape)\n",
    "        np.fill_diagonal(q_hat, 0)\n",
    "        q_hat_off_diag = q_hat\n",
    "        \n",
    "        H_L = self.action_eff(m_hat, s_hat, q_hat_on_diag, q_hat_off_diag, 1)\n",
    "        p_L = self.probability(H_L)\n",
    "        \n",
    "        m = np.squeeze(np.sum(self.p_x * np.mean(self.spins_s * np.sum(p_L * self.spins_T, axis = 0), axis = (1, 2), keepdims = True), axis = 0))\n",
    "        s = np.squeeze(np.sum(self.p_x * np.mean(np.sum(p_L * self.spins_T * self.spins, axis = 0), axis = (1, 2), keepdims = True), axis = 0))\n",
    "        q = np.squeeze(np.sum(self.p_x * np.mean(np.sum(p_L * self.spins_T, axis = 0) * np.sum(p_L * self.spins, axis = 0), axis = (1, 2), keepdims = True), axis = 0))\n",
    "        \n",
    "        return m, s, q\n",
    "    \n",
    "    def iterate(self, m, s, q, t):\n",
    "        \n",
    "        m_list = []\n",
    "        s_list = []\n",
    "        q_list = []\n",
    "        \n",
    "        for _ in range(t):\n",
    "            m, s, q = self.update(m, s, q)\n",
    "            # print(m)\n",
    "            # print(s)\n",
    "            # print(q)\n",
    "            m_list.append(m)\n",
    "            s_list.append(s)\n",
    "            q_list.append(q)\n",
    "        \n",
    "        return m_list, s_list, q_list # m, s, q"
   ]
  },
  {
   "cell_type": "code",
   "execution_count": 278,
   "metadata": {},
   "outputs": [],
   "source": [
    "class Iterator():\n",
    "    def __init__(self, beta, alpha, mat_cor, P, n_normal_samples, n_binary_samples):\n",
    "        self.mat_cor = mat_cor\n",
    "        self.P = P\n",
    "        \n",
    "        spins_base = np.full((P, 2), np.array([-1, 1]))\n",
    "        \n",
    "        self.spins_s = np.array(np.meshgrid(*spins_base)).T.reshape(-1, 1, P, 1)\n",
    "        self.spins_s_T = np.transpose(self.spins_s, axes = (0, 1, 3, 2))\n",
    "        \n",
    "        self.spins = self.spins_s.reshape(-1, 1, 1, P, 1)\n",
    "        self.spins_T = self.spins_s_T.reshape(-1, 1, 1, 1, P)\n",
    "        \n",
    "        self.spins_u = self.spins_s.reshape(-1, 1, 1, 1, P, 1)\n",
    "        self.spins_u_T = self.spins_s_T.reshape(-1, 1, 1, 1, 1, P)\n",
    "        \n",
    "        # self.z = np.linspace(-n_stds, n_stds, num = n_samples, endpoint = True).reshape(-1, 1, 1, 1, 1)\n",
    "        \n",
    "        # z_on_diag = z[..., np.newaxis]\n",
    "        # z_off_diag = z[np.newaxis]\n",
    "        \n",
    "        # z = np.random.normal(size = (n_samples, P, P))\n",
    "        z = np.random.normal(size = (n_normal_samples, 1, 1))\n",
    "        z = np.full((n_normal_samples, P, P), z)\n",
    "        self.z_on_diag = np.diagonal(z, axis1 = -2, axis2 = -1)[:, np.newaxis]\n",
    "        # print(z.shape)\n",
    "        # print(z_on_diag.shape)\n",
    "        # print((np.eye(P, P) * z_on_diag).shape)\n",
    "        self.z_off_diag = z - np.eye(P, P) * self.z_on_diag\n",
    "        \n",
    "        # (2**P, 1, P, 1)\n",
    "        # (n_rademacher_samples, P, 1)\n",
    "        \n",
    "        spins_x = random_multivariate_binary(mat_cor, P, n_binary_samples).reshape(1, -1, P, 1)\n",
    "        # print(spins_x)\n",
    "        # print(spins_x)\n",
    "        # print(spins_x.shape)\n",
    "        # print(spins_s.shape)\n",
    "        # print(self.spins_s == spins_x)\n",
    "        # print((self.spins_s == spins_x).shape)\n",
    "        \n",
    "        self.p_x = np.mean(np.all(self.spins_s == spins_x, axis = 2, keepdims = True), axis = 1, keepdims = True)\n",
    "        \n",
    "        # print(\"p_x\")\n",
    "        # print(self.p_x.shape)\n",
    "        # print(\"\\n\")\n",
    "        \n",
    "        self.update_params(beta, alpha)\n",
    "    \n",
    "    def update_params(self, beta, alpha):\n",
    "        self.beta = beta\n",
    "        self.alpha = alpha\n",
    "        self.H_M = self.hamiltonian(self.beta, self.mat_cor)\n",
    "        self.p_M = self.probability(self.H_M)\n",
    "        # print(\"p_M\")\n",
    "        # print(self.p_M.shape)\n",
    "        # print(\"\\n\")\n",
    "    \n",
    "    def action_eff(self, m, s, q_on_diag, q_off_diag, beta_eff):\n",
    "        \n",
    "        # print(s)\n",
    "        \n",
    "        # m = np.abs(m)\n",
    "        # s = np.abs(s)\n",
    "        # q_on_diag = np.abs(q_on_diag)\n",
    "        # q_off_diag = np.abs(q_off_diag)\n",
    "        \n",
    "        q_sym = (q_off_diag + q_off_diag.T)/2\n",
    "        q_sub = q_on_diag - np.sum(q_sym, axis = 1, keepdims = True)\n",
    "        \n",
    "        # print(q_sub)\n",
    "        # print(q_sym)\n",
    "        \n",
    "        H_re = beta_eff * ((self.spins_T * self.z_on_diag) @ np.sqrt(np.maximum(q_sub, 0))\n",
    "                           + (self.spins_u_T * self.z_on_diag) @ np.sqrt(np.maximum(q_sub, 0)))\n",
    "        \n",
    "        H_re = H_re + beta_eff * (self.spins_T @ np.sum(self.z_off_diag * np.sqrt(np.maximum(q_sym, 0)), axis = -1, keepdims = True)\n",
    "                                  + self.spins_u_T @ np.sum(self.z_off_diag * np.sqrt(np.maximum(q_sym, 0)), axis = -1, keepdims = True))\n",
    "        \n",
    "        H_re = H_re + 1/2*beta_eff**2 * ((self.spins_T @ (s - q_sym) @ self.spins) + 2 * (self.spins_T @ m @ self.spins_s)\n",
    "                                         + (self.spins_u_T @ (s - q_sym) @ self.spins_u) + 2 * (self.spins_u_T @ m @ self.spins_s))\n",
    "        \n",
    "        H_im = beta_eff * ((self.spins_T * self.z_on_diag) @ np.sqrt(np.maximum(-q_sub, 0))\n",
    "                           - (self.spins_u_T * self.z_on_diag) @ np.sqrt(np.maximum(-q_sub, 0)))\n",
    "        \n",
    "        H_im = H_im + beta_eff * (self.spins_T @ np.sum(self.z_off_diag * np.sqrt(np.maximum(-q_sym, 0)), axis = -1, keepdims = True)\n",
    "                                  - self.spins_u_T @ np.sum(self.z_off_diag * np.sqrt(np.maximum(-q_sym, 0)), axis = -1, keepdims = True))\n",
    "        \n",
    "        # print(\"H_im:\")\n",
    "        # print(np.min(H_im))\n",
    "        # print(np.max(H_im))\n",
    "        # print(\"H_re:\")\n",
    "        # print(np.min(H_re))\n",
    "        # print(np.max(H_re))\n",
    "        # raise NotImplementedError\n",
    "        \n",
    "        C = np.max(H_re, axis = 0)\n",
    "        M_L = np.sum(np.cos(H_im) * np.exp(H_re - C), axis = 0)\n",
    "        H_L = C + np.log(np.abs(M_L))\n",
    "        \n",
    "        H_cmp = beta_eff**2 * (self.spins_T @ self.spins_s) + beta_eff * np.sum(self.spins_T * self.z_on_diag, axis = -1, keepdims = True)\n",
    "        \n",
    "        # index = 3\n",
    "        # print(\"H_L:\")\n",
    "        # print(np.squeeze(H_L[:, :, index]))\n",
    "        # print(\"H_cmp:\")\n",
    "        # print(np.squeeze(H_cmp[:, :, index]))\n",
    "        # print(\"H_diff:\")\n",
    "        # print(np.squeeze(H_cmp[:, :, 0 : index]) - np.squeeze(H_L[:, :, 0 : index]))\n",
    "        \n",
    "        # raise NotImplementedError\n",
    "        \n",
    "        M_L = np.sign(M_L)\n",
    "        # print(np.sum(M_L, axis = 0))\n",
    "        \n",
    "        # H_L = H_L + 1/2*beta_eff**2 * (self.spins_T @ (s - q_sym) @ self.spins) + beta_eff**2 * (self.spins_T @ m @ self.spins_s)\n",
    "        \n",
    "        # H_L = H_L + beta_eff * ((self.spins_T * self.z_on_diag) @ np.sqrt(np.maximum(q_sub, 0)))\n",
    "        \n",
    "        # H_L = H_L + beta_eff * (self.spins_T @ np.sum(np.sqrt(np.maximum(q_sym, 0)) * self.z_off_diag, axis = -1, keepdims = True))\n",
    "        \n",
    "        ######\n",
    "        \n",
    "        # H_L = 1/2*beta_eff**2 * (self.spins_T @ (s - q_sym) @ self.spins) + beta_eff**2 * (self.spins_T @ m @ self.spins_s)\n",
    "        \n",
    "        # H_L = H_L + beta_eff * ((self.spins_T * self.z_on_diag) @ np.sqrt(q_sub.astype(np.complex64)))\n",
    "        \n",
    "        # H_L = H_L + beta_eff * (self.spins_T @ np.sum(np.sqrt(q_sym.astype(np.complex64)) * self.z_off_diag, axis = -1, keepdims = True))\n",
    "        \n",
    "        # M_L = 1\n",
    "        \n",
    "        return H_L, M_L\n",
    "    \n",
    "    # def Z_L(self, m, s, q_off_diag, q_on_diag, beta_eff):\n",
    "        # return np.sum(np.exp(H_L(m, s, q_off_diag, q_on_diag, beta_eff)), axis = 0)\n",
    "    \n",
    "    def hamiltonian(self, beta_eff, mat_cor):\n",
    "        return 1/2*beta_eff**2 * (self.spins_s_T @ mat_cor @ self.spins_s)\n",
    "    \n",
    "    def probability(self, H, M = 1):\n",
    "        C = np.max(H, axis = 0)\n",
    "        M = M * np.exp(H - C)\n",
    "        return M / np.sum(M, axis = 0)\n",
    "    \n",
    "    def update(self, m, s, q):\n",
    "        \n",
    "        # q = (q + q.T)/2\n",
    "        # m = (m + m.T)/2\n",
    "        \n",
    "        # print(q)\n",
    "        \n",
    "        q_on_diag = np.diagonal(q).copy()[:, np.newaxis]\n",
    "        # print(q.shape)\n",
    "        q_off_diag = q - np.eye(P, P) * q_on_diag\n",
    "        \n",
    "        s_no_diag = s - np.eye(P, P) * np.diagonal(s)[:, np.newaxis]\n",
    "        \n",
    "        H_L, M_L = self.action_eff(m, s_no_diag, q_on_diag, q_off_diag, self.beta)\n",
    "        p_L = self.probability(H_L, M_L)\n",
    "        \n",
    "        # print(\"p_L\")\n",
    "        # print(p_L.shape)\n",
    "        # print(\"\\n\")\n",
    "        \n",
    "        H_q = self.hamiltonian(self.beta, s_no_diag)\n",
    "        p_q = self.probability(H_q)\n",
    "        \n",
    "        # print(\"p_q\")\n",
    "        # print(p_q.shape)\n",
    "        # print(\"\\n\")\n",
    "        \n",
    "        # print((self.spins_s_T * self.spins_s).shape)\n",
    "        # print(p_q.shape)\n",
    "        \n",
    "        # print(p_L.shape)\n",
    "        # print(self.spins_T.shape)\n",
    "        # print(self.spins.shape)\n",
    "        \n",
    "        # print(\"\\n\")\n",
    "        \n",
    "        # print(self.spins_s.shape)\n",
    "        # print(np.sum(p_L * self.spins_T, axis = 0).shape)\n",
    "        \n",
    "        # print(\"\\n\")\n",
    "        \n",
    "        # print(self.p_M.shape)\n",
    "        # print(np.mean(self.spins_s * np.sum(p_L * self.spins_T, axis = 0), axis = 1, keepdims = True).shape)\n",
    "        \n",
    "        # print(\"\\n\")\n",
    "        # print(\"\\n\")\n",
    "        \n",
    "        m_hat = self.beta**2*self.alpha * np.squeeze(np.sum(self.p_M * np.mean(self.spins_s * np.sum(p_L * self.spins_T, axis = 0), axis = 1, keepdims = True), axis = 0))\n",
    "        s_hat = self.beta**2*self.alpha * np.squeeze(np.sum(self.p_M * np.mean(np.sum(p_L * self.spins_T * self.spins, axis = 0), axis = 1, keepdims = True), axis = 0) - np.sum(p_q * self.spins_s_T * self.spins_s, axis = 0))\n",
    "        q_hat = self.beta**2*self.alpha * np.squeeze(np.sum(self.p_M * np.mean(np.sum(p_L * self.spins_T, axis = 0) * np.sum(p_L * self.spins, axis = 0), axis = 1, keepdims = True), axis = 0))\n",
    "        \n",
    "        # h_cmp = self.beta**2 * np.swapaxes(self.spins_s, -1, -2) + self.beta * self.z_on_diag\n",
    "        # print(self.spins_s.shape)\n",
    "        # print(self.z_on_diag.shape)\n",
    "        \n",
    "        # index = 4\n",
    "        \n",
    "        # print(\"Numerical:\")\n",
    "        # print(np.sum(p_L * self.spins_T, axis = 0)[:, 0 : index, 0])\n",
    "        # print(\"Analytical:\")\n",
    "        # print(np.tanh(h_cmp)[:, 0 : index, 0])\n",
    "        # print(\"Difference:\")\n",
    "        # print(np.tanh(h_cmp)[:, 0 : index, 0] - np.sum(p_L * self.spins_T, axis = 0)[:, 0 : index, 0])\n",
    "        \n",
    "        m_test = self.beta**2 * self.alpha * np.mean(np.tanh(self.beta**2 + self.beta * self.z_on_diag))\n",
    "        \n",
    "        print(\"Numerical m_hat:\")\n",
    "        print(m_hat)\n",
    "        \n",
    "        print(\"Analytical m_hat:\")\n",
    "        print(m_test)\n",
    "        \n",
    "        q_test = self.beta**2 * self.alpha * np.mean(np.tanh(self.beta**2 + self.beta * self.z_on_diag)**2)\n",
    "        \n",
    "        print(\"Numerical q_hat:\")\n",
    "        print(q_hat)\n",
    "        \n",
    "        print(\"Analytical q_hat:\")\n",
    "        print(q_test)\n",
    "        \n",
    "        print(\"p_M:\")\n",
    "        print(self.p_M)\n",
    "        \n",
    "        raise NotImplementedError\n",
    "        \n",
    "        # print(\"m_hat:\")\n",
    "        # print(m_hat)\n",
    "        # print(\"s_hat:\")\n",
    "        # print(s_hat)\n",
    "        # print(\"q_hat:\")\n",
    "        # print(q_hat)\n",
    "        \n",
    "        q_hat_on_diag = np.diagonal(q_hat).copy()[:, np.newaxis]\n",
    "        q_hat_off_diag = q_hat - np.eye(P, P) * q_hat_on_diag\n",
    "        \n",
    "        s_hat_no_diag = s_hat - np.eye(P, P) * np.diagonal(s_hat)[:, np.newaxis]\n",
    "        \n",
    "        H_L, M_L = self.action_eff(m_hat, s_hat_no_diag, q_hat_on_diag, q_hat_off_diag, 1)\n",
    "        p_L = self.probability(H_L, M_L)\n",
    "        # print(np.squeeze(p_L[:, :, 0]))\n",
    "        # print(p_L.shape)\n",
    "        \n",
    "        m = np.squeeze(np.sum(self.p_x * np.mean(self.spins_s * np.sum(p_L * self.spins_T, axis = 0), axis = 1, keepdims = True), axis = 0))\n",
    "        s = np.squeeze(np.sum(self.p_x * np.mean(np.sum(p_L * self.spins_T * self.spins, axis = 0), axis = 1, keepdims = True), axis = 0))\n",
    "        q = np.squeeze(np.sum(self.p_x * np.mean(np.sum(p_L * self.spins_T, axis = 0) * np.sum(p_L * self.spins, axis = 0), axis = 1, keepdims = True), axis = 0))\n",
    "        \n",
    "        # print(\"m:\")\n",
    "        # print(m)\n",
    "        # print(\"s:\")\n",
    "        # print(s)\n",
    "        # print(\"q:\")\n",
    "        # print(q)\n",
    "        \n",
    "        return m, s, q\n",
    "    \n",
    "    def iterate(self, m, s, q, t, store_state):\n",
    "        \n",
    "        m_list = []\n",
    "        s_list = []\n",
    "        q_list = []\n",
    "        \n",
    "        for _ in range(t):\n",
    "            if store_state:\n",
    "                m_list.append(m)\n",
    "                s_list.append(s)\n",
    "                q_list.append(q)\n",
    "            \n",
    "            m, s, q = self.update(m, s, q)\n",
    "            s = np.identity(self.P)\n",
    "            q = m # np.identity(self.P)\n",
    "            # print(m)\n",
    "            # print(s)\n",
    "            # print(q)\n",
    "        \n",
    "        m_list.append(m)\n",
    "        s_list.append(s)\n",
    "        q_list.append(q)\n",
    "        \n",
    "        return m_list, s_list, q_list # m, s, q"
   ]
  },
  {
   "cell_type": "code",
   "execution_count": 279,
   "metadata": {},
   "outputs": [],
   "source": [
    "n_normal_samples = 20000\n",
    "n_binary_samples = 2000000\n",
    "\n",
    "beta = 1.2\n",
    "alpha = 1.8 # 0.48\n",
    "P = 2\n",
    "c = 0 # 0.7\n",
    "\n",
    "mat_cor = simple_mat_cor(P, c)\n",
    "\n",
    "iterator = Iterator(beta, alpha, mat_cor, P, n_normal_samples, n_binary_samples)"
   ]
  },
  {
   "cell_type": "code",
   "execution_count": 280,
   "metadata": {
    "scrolled": true
   },
   "outputs": [
    {
     "name": "stdout",
     "output_type": "stream",
     "text": [
      "Numerical m_hat:\n",
      "[[ 1.73030475e+00 -1.43884904e-16]\n",
      " [-2.15827356e-16  1.73030475e+00]]\n",
      "Analytical m_hat:\n",
      "1.7180666009154963\n",
      "Numerical q_hat:\n",
      "[[1.72661216 0.41806209]\n",
      " [0.41806209 1.72661216]]\n",
      "Analytical q_hat:\n",
      "1.7247528734368573\n",
      "p_M:\n",
      "[[[[0.25]]]\n",
      "\n",
      "\n",
      " [[[0.25]]]\n",
      "\n",
      "\n",
      " [[[0.25]]]\n",
      "\n",
      "\n",
      " [[[0.25]]]]\n"
     ]
    },
    {
     "ename": "NotImplementedError",
     "evalue": "",
     "output_type": "error",
     "traceback": [
      "\u001b[1;31m---------------------------------------------------------------------------\u001b[0m",
      "\u001b[1;31mNotImplementedError\u001b[0m                       Traceback (most recent call last)",
      "\u001b[1;32m<ipython-input-280-1dddbe8f6df5>\u001b[0m in \u001b[0;36m<module>\u001b[1;34m\u001b[0m\n\u001b[0;32m     14\u001b[0m \u001b[1;31m# s = s - np.eye(P, P) * np.diagonal(s)[:, np.newaxis]\u001b[0m\u001b[1;33m\u001b[0m\u001b[1;33m\u001b[0m\u001b[1;33m\u001b[0m\u001b[0m\n\u001b[0;32m     15\u001b[0m \u001b[1;33m\u001b[0m\u001b[0m\n\u001b[1;32m---> 16\u001b[1;33m \u001b[0mm_list\u001b[0m\u001b[1;33m,\u001b[0m \u001b[0ms_list\u001b[0m\u001b[1;33m,\u001b[0m \u001b[0mq_list\u001b[0m \u001b[1;33m=\u001b[0m \u001b[0miterator\u001b[0m\u001b[1;33m.\u001b[0m\u001b[0miterate\u001b[0m\u001b[1;33m(\u001b[0m\u001b[0mm\u001b[0m\u001b[1;33m,\u001b[0m \u001b[0ms\u001b[0m\u001b[1;33m,\u001b[0m \u001b[0mq\u001b[0m\u001b[1;33m,\u001b[0m \u001b[0mt\u001b[0m\u001b[1;33m,\u001b[0m \u001b[0mstore_state\u001b[0m \u001b[1;33m=\u001b[0m \u001b[1;32mTrue\u001b[0m\u001b[1;33m)\u001b[0m\u001b[1;33m\u001b[0m\u001b[1;33m\u001b[0m\u001b[0m\n\u001b[0m\u001b[0;32m     17\u001b[0m \u001b[1;33m\u001b[0m\u001b[0m\n\u001b[0;32m     18\u001b[0m \u001b[0mplt\u001b[0m\u001b[1;33m.\u001b[0m\u001b[0mplot\u001b[0m\u001b[1;33m(\u001b[0m\u001b[0mnp\u001b[0m\u001b[1;33m.\u001b[0m\u001b[0marray\u001b[0m\u001b[1;33m(\u001b[0m\u001b[0mm_list\u001b[0m\u001b[1;33m)\u001b[0m\u001b[1;33m.\u001b[0m\u001b[0mreshape\u001b[0m\u001b[1;33m(\u001b[0m\u001b[0mt\u001b[0m\u001b[1;33m+\u001b[0m\u001b[1;36m1\u001b[0m\u001b[1;33m,\u001b[0m \u001b[0mP\u001b[0m\u001b[1;33m**\u001b[0m\u001b[1;36m2\u001b[0m\u001b[1;33m)\u001b[0m\u001b[1;33m)\u001b[0m\u001b[1;33m\u001b[0m\u001b[1;33m\u001b[0m\u001b[0m\n",
      "\u001b[1;32m<ipython-input-278-d32e38a1737c>\u001b[0m in \u001b[0;36miterate\u001b[1;34m(self, m, s, q, t, store_state)\u001b[0m\n\u001b[0;32m    270\u001b[0m                 \u001b[0mq_list\u001b[0m\u001b[1;33m.\u001b[0m\u001b[0mappend\u001b[0m\u001b[1;33m(\u001b[0m\u001b[0mq\u001b[0m\u001b[1;33m)\u001b[0m\u001b[1;33m\u001b[0m\u001b[1;33m\u001b[0m\u001b[0m\n\u001b[0;32m    271\u001b[0m \u001b[1;33m\u001b[0m\u001b[0m\n\u001b[1;32m--> 272\u001b[1;33m             \u001b[0mm\u001b[0m\u001b[1;33m,\u001b[0m \u001b[0ms\u001b[0m\u001b[1;33m,\u001b[0m \u001b[0mq\u001b[0m \u001b[1;33m=\u001b[0m \u001b[0mself\u001b[0m\u001b[1;33m.\u001b[0m\u001b[0mupdate\u001b[0m\u001b[1;33m(\u001b[0m\u001b[0mm\u001b[0m\u001b[1;33m,\u001b[0m \u001b[0ms\u001b[0m\u001b[1;33m,\u001b[0m \u001b[0mq\u001b[0m\u001b[1;33m)\u001b[0m\u001b[1;33m\u001b[0m\u001b[1;33m\u001b[0m\u001b[0m\n\u001b[0m\u001b[0;32m    273\u001b[0m             \u001b[0ms\u001b[0m \u001b[1;33m=\u001b[0m \u001b[0mnp\u001b[0m\u001b[1;33m.\u001b[0m\u001b[0midentity\u001b[0m\u001b[1;33m(\u001b[0m\u001b[0mself\u001b[0m\u001b[1;33m.\u001b[0m\u001b[0mP\u001b[0m\u001b[1;33m)\u001b[0m\u001b[1;33m\u001b[0m\u001b[1;33m\u001b[0m\u001b[0m\n\u001b[0;32m    274\u001b[0m             \u001b[0mq\u001b[0m \u001b[1;33m=\u001b[0m \u001b[0mm\u001b[0m \u001b[1;31m# np.identity(self.P)\u001b[0m\u001b[1;33m\u001b[0m\u001b[1;33m\u001b[0m\u001b[0m\n",
      "\u001b[1;32m<ipython-input-278-d32e38a1737c>\u001b[0m in \u001b[0;36mupdate\u001b[1;34m(self, m, s, q)\u001b[0m\n\u001b[0;32m    226\u001b[0m         \u001b[0mprint\u001b[0m\u001b[1;33m(\u001b[0m\u001b[0mself\u001b[0m\u001b[1;33m.\u001b[0m\u001b[0mp_M\u001b[0m\u001b[1;33m)\u001b[0m\u001b[1;33m\u001b[0m\u001b[1;33m\u001b[0m\u001b[0m\n\u001b[0;32m    227\u001b[0m \u001b[1;33m\u001b[0m\u001b[0m\n\u001b[1;32m--> 228\u001b[1;33m         \u001b[1;32mraise\u001b[0m \u001b[0mNotImplementedError\u001b[0m\u001b[1;33m\u001b[0m\u001b[1;33m\u001b[0m\u001b[0m\n\u001b[0m\u001b[0;32m    229\u001b[0m \u001b[1;33m\u001b[0m\u001b[0m\n\u001b[0;32m    230\u001b[0m         \u001b[1;31m# print(\"m_hat:\")\u001b[0m\u001b[1;33m\u001b[0m\u001b[1;33m\u001b[0m\u001b[1;33m\u001b[0m\u001b[0m\n",
      "\u001b[1;31mNotImplementedError\u001b[0m: "
     ]
    }
   ],
   "source": [
    "# Probe c = 0.1, 0.4, 0.7, 1\n",
    "# or c = 0.1, 0.25, 0.4, 0.55, 0.7, 0.85, 1\n",
    "\n",
    "t = 40\n",
    "\n",
    "# m = -np.array([[0.32, -0.32], [-0.32, 0.32]])\n",
    "# s = np.identity(P)\n",
    "# q = np.array([[0.55, 0.1], [0.1, 0.55]])\n",
    "\n",
    "m = np.identity(P) # random_mat_cor(P)\n",
    "s = np.identity(P) # np.zeros((P, P)) # random_mat_cor(P)\n",
    "q = np.identity(P) # np.zeros((P, P)) # random_mat_cor(P)\n",
    "\n",
    "# s = s - np.eye(P, P) * np.diagonal(s)[:, np.newaxis]\n",
    "\n",
    "m_list, s_list, q_list = iterator.iterate(m, s, q, t, store_state = True)\n",
    "\n",
    "plt.plot(np.array(m_list).reshape(t+1, P**2))\n",
    "plt.show()\n",
    "\n",
    "plt.plot(np.array(s_list).reshape(t+1, P**2))\n",
    "plt.show()\n",
    "\n",
    "plt.plot(np.array(q_list).reshape(t+1, P**2))\n",
    "plt.show()"
   ]
  },
  {
   "cell_type": "code",
   "execution_count": 89,
   "metadata": {},
   "outputs": [
    {
     "data": {
      "text/plain": [
       "0.1712638"
      ]
     },
     "execution_count": 89,
     "metadata": {},
     "output_type": "execute_result"
    }
   ],
   "source": [
    "np.sum(np.abs(np.array([[0.17961558, -0.07934133], [-0.05717576, 0.02639493]])))/2"
   ]
  },
  {
   "cell_type": "code",
   "execution_count": 92,
   "metadata": {},
   "outputs": [
    {
     "data": {
      "text/plain": [
       "0.29043022"
      ]
     },
     "execution_count": 92,
     "metadata": {},
     "output_type": "execute_result"
    }
   ],
   "source": [
    "2 * 0.33445382\n",
    "# 0.669\n",
    "\n",
    "2 * 0.307\n",
    "# 0.614\n",
    "\n",
    "2 * 0.1945\n",
    "# 0.389\n",
    "\n",
    "2 * 0.14521511\n",
    "# 0.290\n",
    "\n",
    "### 2 * 0.18385678"
   ]
  },
  {
   "cell_type": "code",
   "execution_count": 86,
   "metadata": {},
   "outputs": [
    {
     "name": "stdout",
     "output_type": "stream",
     "text": [
      "[[[ 1.          0.          0.        ]\n",
      "  [ 0.          1.          0.        ]\n",
      "  [ 0.          0.          1.        ]]\n",
      "\n",
      " [[ 1.          0.33030211  0.32906072]\n",
      "  [ 0.33030211  1.          0.32996195]\n",
      "  [ 0.32906072  0.32996195  1.        ]]\n",
      "\n",
      " [[ 1.         -0.27467325 -0.27542235]\n",
      "  [-0.27467325  1.         -0.27486683]\n",
      "  [-0.27542235 -0.27486683  1.        ]]\n",
      "\n",
      " [[ 1.          0.30880899  0.30770688]\n",
      "  [ 0.30880899  1.          0.30850577]\n",
      "  [ 0.30770688  0.30850577  1.        ]]\n",
      "\n",
      " [[ 1.         -0.27386718 -0.27416754]\n",
      "  [-0.27386718  1.         -0.27393548]\n",
      "  [-0.27416754 -0.27393548  1.        ]]\n",
      "\n",
      " [[ 1.          0.32579091  0.32464169]\n",
      "  [ 0.32579091  1.          0.32546521]\n",
      "  [ 0.32464169  0.32546521  1.        ]]\n",
      "\n",
      " [[ 1.         -0.28608728 -0.2862649 ]\n",
      "  [-0.28608728  1.         -0.28611542]\n",
      "  [-0.2862649  -0.28611542  1.        ]]\n",
      "\n",
      " [[ 1.          0.34107758  0.33944946]\n",
      "  [ 0.34107758  1.          0.34061691]\n",
      "  [ 0.33944946  0.34061691  1.        ]]\n",
      "\n",
      " [[ 1.         -0.30736539 -0.30678016]\n",
      "  [-0.30736539  1.         -0.30718187]\n",
      "  [-0.30678016 -0.30718187  1.        ]]\n",
      "\n",
      " [[ 1.          0.32241658  0.31918294]\n",
      "  [ 0.32241658  1.          0.32151553]\n",
      "  [ 0.31918294  0.32151553  1.        ]]\n",
      "\n",
      " [[ 1.         -0.2791538  -0.27812754]\n",
      "  [-0.2791538   1.         -0.27884992]\n",
      "  [-0.27812754 -0.27884992  1.        ]]\n",
      "\n",
      " [[ 1.          0.40376399  0.39870948]\n",
      "  [ 0.40376399  1.          0.40238957]\n",
      "  [ 0.39870948  0.40238957  1.        ]]\n",
      "\n",
      " [[ 1.         -0.30972952 -0.30745536]\n",
      "  [-0.30972952  1.         -0.30912926]\n",
      "  [-0.30745536 -0.30912926  1.        ]]\n",
      "\n",
      " [[ 1.          0.2779766   0.27337502]\n",
      "  [ 0.2779766   1.          0.27677977]\n",
      "  [ 0.27337502  0.27677977  1.        ]]\n",
      "\n",
      " [[ 1.         -0.20954914 -0.20663206]\n",
      "  [-0.20954914  1.         -0.20880833]\n",
      "  [-0.20663206 -0.20880833  1.        ]]\n",
      "\n",
      " [[ 1.          0.58832997  0.60807891]\n",
      "  [ 0.58832997  1.          0.59420471]\n",
      "  [ 0.60807891  0.59420471  1.        ]]\n",
      "\n",
      " [[ 1.         -0.29612141 -0.28740946]\n",
      "  [-0.29612141  1.         -0.29338231]\n",
      "  [-0.28740946 -0.29338231  1.        ]]\n",
      "\n",
      " [[ 1.          0.37168339  0.37608767]\n",
      "  [ 0.37168339  1.          0.37520068]\n",
      "  [ 0.37608767  0.37520068  1.        ]]\n",
      "\n",
      " [[ 1.         -0.3034161  -0.31476347]\n",
      "  [-0.3034161   1.         -0.30839182]\n",
      "  [-0.31476347 -0.30839182  1.        ]]\n",
      "\n",
      " [[ 1.          0.280069    0.29267746]\n",
      "  [ 0.280069    1.          0.28551341]\n",
      "  [ 0.29267746  0.28551341  1.        ]]\n",
      "\n",
      " [[ 1.         -0.25737395 -0.27040994]\n",
      "  [-0.25737395  1.         -0.26275631]\n",
      "  [-0.27040994 -0.26275631  1.        ]]\n",
      "\n",
      " [[ 1.          0.58396465  0.59904898]\n",
      "  [ 0.58396465  1.          0.59086643]\n",
      "  [ 0.59904898  0.59086643  1.        ]]\n",
      "\n",
      " [[ 1.         -0.29600858 -0.28997276]\n",
      "  [-0.29600858  1.         -0.29306514]\n",
      "  [-0.28997276 -0.29306514  1.        ]]\n",
      "\n",
      " [[ 1.          0.31769487  0.33113629]\n",
      "  [ 0.31769487  1.          0.32927989]\n",
      "  [ 0.33113629  0.32927989  1.        ]]\n",
      "\n",
      " [[ 1.         -0.27385753 -0.28939496]\n",
      "  [-0.27385753  1.         -0.28540647]\n",
      "  [-0.28939496 -0.28540647  1.        ]]\n",
      "\n",
      " [[ 1.          0.23402028  0.18703293]\n",
      "  [ 0.23402028  1.          0.1295157 ]\n",
      "  [ 0.18703293  0.1295157   1.        ]]\n",
      "\n",
      " [[ 1.         -0.07587168 -0.0058992 ]\n",
      "  [-0.07587168  1.          0.04530409]\n",
      "  [-0.0058992   0.04530409  1.        ]]\n",
      "\n",
      " [[ 1.          0.36937572  0.28864161]\n",
      "  [ 0.36937572  1.          0.23150565]\n",
      "  [ 0.28864161  0.23150565  1.        ]]\n",
      "\n",
      " [[ 1.         -0.34949524 -0.29364941]\n",
      "  [-0.34949524  1.         -0.23933505]\n",
      "  [-0.29364941 -0.23933505  1.        ]]\n",
      "\n",
      " [[ 1.          0.54455084  0.50411434]\n",
      "  [ 0.54455084  1.          0.28555482]\n",
      "  [ 0.50411434  0.28555482  1.        ]]\n",
      "\n",
      " [[ 1.         -0.28068799 -0.2847745 ]\n",
      "  [-0.28068799  1.         -0.37160275]\n",
      "  [-0.2847745  -0.37160275  1.        ]]\n",
      "\n",
      " [[ 1.          0.30793362  0.30201024]\n",
      "  [ 0.30793362  1.          0.44419743]\n",
      "  [ 0.30201024  0.44419743  1.        ]]\n",
      "\n",
      " [[ 1.         -0.27668287 -0.2738537 ]\n",
      "  [-0.27668287  1.         -0.35607085]\n",
      "  [-0.2738537  -0.35607085  1.        ]]\n",
      "\n",
      " [[ 1.          0.2987366   0.29085804]\n",
      "  [ 0.2987366   1.          0.35293204]\n",
      "  [ 0.29085804  0.35293204  1.        ]]\n",
      "\n",
      " [[ 1.         -0.27410463 -0.26787298]\n",
      "  [-0.27410463  1.         -0.31855224]\n",
      "  [-0.26787298 -0.31855224  1.        ]]\n",
      "\n",
      " [[ 1.          0.44782511  0.44017198]\n",
      "  [ 0.44782511  1.          0.44187064]\n",
      "  [ 0.44017198  0.44187064  1.        ]]\n",
      "\n",
      " [[ 1.         -0.3122329  -0.31525137]\n",
      "  [-0.3122329   1.         -0.30267354]\n",
      "  [-0.31525137 -0.30267354  1.        ]]\n",
      "\n",
      " [[ 1.          0.27812558  0.28301224]\n",
      "  [ 0.27812558  1.          0.26310492]\n",
      "  [ 0.28301224  0.26310492  1.        ]]\n",
      "\n",
      " [[ 1.         -0.21055943 -0.21600209]\n",
      "  [-0.21055943  1.         -0.19598369]\n",
      "  [-0.21600209 -0.19598369  1.        ]]\n",
      "\n",
      " [[ 1.          0.60471276  0.60461318]\n",
      "  [ 0.60471276  1.          0.61824528]\n",
      "  [ 0.60461318  0.61824528  1.        ]]\n",
      "\n",
      " [[ 1.         -0.29349875 -0.29427498]\n",
      "  [-0.29349875  1.         -0.28661357]\n",
      "  [-0.29427498 -0.28661357  1.        ]]]\n"
     ]
    }
   ],
   "source": [
    "print(np.array(s_list))"
   ]
  },
  {
   "cell_type": "code",
   "execution_count": 60,
   "metadata": {
    "scrolled": false
   },
   "outputs": [
    {
     "data": {
